0.0195084
0.0195084
0.0195084
0.0195084
0.0195084
0.0197035
0.0197035
0.0197035
0.0202887
0.0202887
0.0202887
0.0202887
0.0204838
0.0210691
0.0212641
0.0214592
0.0216543
0.0216543
0.0216543
0.0216543
0.0216543
0.0218494
0.0218494
0.0224346
0.023215
0.0238002
0.0239953
0.0241904
0.0249707
0.0249707
0.0253609
0.0261412
0.0261412
0.0261412
0.0263363
0.0269216
0.0277019
0.0280921
0.0282872
0.0282872
0.0286773
0.0294577
0.0298478
0.0298478
0.0298478
0.030238
0.0312134
0.0317987
0.0331643
0.0345298
0.0345298
0.0345298
0.0347249
0.0355053
0.0362856
0.0378463
0.0384315
0.0384315
0.0384315
0.0384315
0.0384315
0.0384315
0.0384315
0.0386266
0.0392119
0.0397971
0.0401873
0.0403824
0.0403824
0.0407725
0.0423332
0.0423332
0.0425283
0.0444791
0.0448693
0.0454545
0.0460398
0.0470152
0.0476005
0.0489661
0.0495513
0.0505267
0.0509169
0.0509169
0.0509169
0.0509169
0.0509169
0.0516972
0.0520874
0.0532579
0.0544284
0.0554038
0.055794
0.0559891
0.0575497
0.0583301
0.0587202
0.0595006
0.0598908
0.0606711
0.0606711
0.0612563
0.0612563
0.0614514
0.0626219
0.0630121
0.0632072
0.0632072
0.0637924
0.0645728
0.065158
0.0659384
0.0661334
0.0661334
0.0667187
0.0684744
0.0690597
0.0694499
0.06984
0.0700351
0.0704253
0.0704253
0.0706204
0.0706204
0.0710105
0.0710105
0.0712056
0.0712056
0.0712056
0.071986
0.071986
0.072181
0.0735466
0.074327
0.074327
0.0754975
0.0760827
0.0770581
0.0776434
0.0784237
0.079009
0.0792041
0.0799844
0.0815451
0.0817401
0.0823254
0.0858369
0.0864222
0.0877877
0.0879828
0.0899337
0.0899337
0.0899337
0.090714
0.0909091
0.0909091
0.0911042
0.0911042
0.0912993
0.0912993
0.0920796
0.0922747
0.0946157
0.0952009
0.0965665
0.0992977
0.0996879
0.100273
0.100858
0.102224
0.103199
0.103199
0.104565
0.104955
0.10554
0.10554
0.10554
0.105735
0.105931
0.106126
0.108272
0.108272
0.108272
0.108272
0.108272
0.108467
0.109052
0.110417
0.111978
0.112758
0.113734
0.11666
0.117245
0.119977
0.121537
0.123293
0.126609
0.129731
0.131682
0.131877
0.132852
0.133437
0.133437
0.133437
0.134218
0.137924
0.137924
0.14046
0.141631
0.143777
0.145533
0.146703
0.148459
0.152165
0.153726
0.154116
0.157628
0.158993
0.160749
0.164456
0.166992
0.167577
0.170698
0.173625
0.175771
0.176551
0.179672
0.182013
0.184744
0.186305
0.188451
0.190012
0.191182
0.191963
0.193328
0.195474
0.196254
0.19684
0.19879
0.198986
0.199766
0.200351
0.201131
0.204643
0.205813
0.207374
0.207959
0.210496
0.214202
0.216348
0.218299
0.219079
0.22181
0.222591
0.223371
0.225907
0.229028
0.229028
0.230784
0.23176
0.231955
0.231955
0.231955
0.232735
0.234101
0.236052
0.237807
0.239563
0.240538
0.241904
0.244245
0.247366
0.247757
0.250683
0.252048
0.253024
0.254389
0.25595
0.256925
0.261022
0.262193
0.263558
0.263753
0.26629
0.26824
0.270191
0.271752
0.272922
0.274678
0.276434
0.276629
0.278385
0.281701
0.282677
0.283262
0.286968
0.288334
0.290675
0.291455
0.293211
0.295747
0.299259
0.300819
0.302575
0.303355
0.304916
0.305892
0.307647
0.310964
0.311159
0.312719
0.315256
0.319547
0.319938
0.322279
0.322669
0.32501
0.327936
0.330472
0.331448
0.332423
0.333398
0.33613
0.338666
0.340031
0.340812
0.346079
0.346664
0.349005
0.34959
0.350956
0.353882
0.353882
0.356223
0.357394
0.358174
0.358369
0.360125
0.361295
0.362076
0.363051
0.364807
0.365977
0.368513
0.370074
0.373
0.374561
0.375536
0.377487
0.378463
0.378658
0.38334
0.383925
0.384705
0.384901
0.387632
0.389192
0.392119
0.393289
0.394655
0.39524
0.396996
0.396996
0.397386
0.398556
0.398751
0.401092
0.401288
0.402263
0.402263
0.402263
0.402263
0.402263
0.402458
0.403824
0.404604
0.405189
0.40714
0.410066
0.412017
0.413578
0.415139
0.415334
0.417284
0.418065
0.41904
0.41904
0.421576
0.421771
0.423137
0.424698
0.427234
0.427429
0.427819
0.428599
0.42938
0.43094
0.431916
0.432306
0.432306
0.433086
0.435232
0.436793
0.437963
0.438939
0.439524
0.44128
0.44206
0.443231
0.443621
0.445572
0.446547
0.447327
0.447522
0.447718
0.447913
0.448303
0.449473
0.450644
0.451424
0.45318
0.45318
0.453765
0.454155
0.456496
0.457082
0.458837
0.460008
0.460593
0.461568
0.461959
0.46508
0.465665
0.466641
0.466641
0.467421
0.468396
0.472688
0.474054
0.47659
0.478931
0.480687
0.480687
0.481077
0.482052
0.482638
0.483028
0.483223
0.483418
0.484198
0.485174
0.48732
0.48732
0.48732
0.48771
0.4881
0.48927
0.490051
0.492197
0.495123
0.495318
0.495708
0.496293
0.497269
0.497854
0.49922
0.49922
0.5
0.501756
0.501951
0.503316
0.503707
0.504877
0.506633
0.507803
0.508779
0.509364
0.51073
0.51112
0.511315
0.511315
0.5119
0.512485
0.513071
0.515607
0.517362
0.519118
0.519508
0.521459
0.521849
0.52263
0.52263
0.524581
0.525751
0.526531
0.527117
0.528872
0.529848
0.531213
0.531213
0.531604
0.532189
0.537261
0.537261
0.537261
0.537261
0.537261
0.537261
0.537261
0.537261
0.537261
0.537261
0.537261
0.537456
0.538627
0.539797
0.541943
0.543114
0.545064
0.545064
0.54682
0.54721
0.548186
0.549161
0.549746
0.552282
0.552478
0.553843
0.554233
0.554233
0.555014
0.555794
0.556574
0.556964
0.55872
0.559891
0.562622
0.563792
0.566719
0.567889
0.567889
0.570425
0.571206
0.572181
0.572376
0.572376
0.573352
0.574132
0.574132
0.574717
0.576668
0.577058
0.578619
0.579789
0.580765
0.582325
0.582716
0.583496
0.583691
0.584666
0.584666
0.585057
0.586227
0.587398
0.587983
0.588763
0.589348
0.590129
0.590909
0.591689
0.593445
0.59364
0.59364
0.593835
0.595981
0.597152
0.597152
0.597152
0.597152
0.598712
0.598712
0.600858
0.601249
0.602419
0.602809
0.603004
0.603004
0.603004
0.603004
0.603004
0.603004
0.603004
0.603004
0.603785
0.604955
0.605345
0.605735
0.606906
0.607491
0.607881
0.609052
0.610222
0.610417
0.612563
0.612758
0.613149
0.613344
0.613344
0.614124
0.614124
0.614124
0.614904
0.615099
0.61705
0.61744
0.619196
0.619196
0.619391
0.620952
0.621342
0.624464
0.624464
0.624464
0.624464
0.624464
0.624659
0.627195
0.627195
0.629341
0.629341
0.629341
0.629341
0.629926
0.630316
0.630316
0.630316
0.631877
0.635583
0.635973
0.636364
0.636559
0.637534
0.6389
0.63929
0.640655
0.640655
0.642021
0.642021
0.642021
0.642021
0.642606
0.643192
0.643582
0.643582
0.643582
0.643582
0.643972
0.644557
0.645728
0.647093
0.648069
0.648654
0.648654
0.649239
0.65002
0.65041
0.65041
0.65041
0.65041
0.65197
0.65197
0.65197
0.65197
0.65197
0.652361
0.652556
0.653141
0.653726
0.653921
0.654506
0.655482
0.656067
0.656847
0.656847
0.657433
0.658018
0.658798
0.658798
0.658798
0.658798
0.658993
0.659188
0.659188
0.659774
0.660359
0.66192
0.662115
0.66231
0.662505
0.662505
0.6627
0.66348
0.66387
0.664846
0.666016
0.666211
0.666211
0.666211
0.666211
0.666407
0.666797
0.666797
0.666797
0.666797
0.667967
0.668162
0.668748
0.669138
0.669528
0.669723
0.670113
0.670503
0.670893
0.671089
0.671479
0.671869
0.672454
0.67343
0.67343
0.673625
0.674795
0.674795
0.674795
0.674795
0.674795
0.675771
0.676161
0.676161
0.676746
0.676746
0.676746
0.676941
0.677136
0.677917
0.678307
0.678697
0.679477
0.679672
0.679867
0.680258
0.680453
0.681038
0.681428
0.681623
0.682794
0.683379
0.683574
0.683574
0.683964
0.684159
0.684159
0.684354
0.684354
0.684354
0.684354
0.68494
0.68533
0.68572
0.686305
0.686305
0.686305
0.686305
0.68689
0.687085
0.687476
0.687671
0.688451
0.688451
0.689036
0.689036
0.689036
0.689036
0.689231
0.689622
0.689622
0.690207
0.690207
0.690207
0.690597
0.690597
0.690597
0.690597
0.690597
0.690987
0.691767
0.691767
0.692353
0.692548
0.692548
0.692938
0.693133
0.693328
0.693328
0.693328
0.693913
0.695084
0.695474
0.695669
0.697035
0.697425
0.698205
0.698205
0.6984
0.699376
0.699376
0.699376
0.699961
0.701131
0.701912
0.701912
0.702692
0.704643
0.705033
0.705423
0.705618
0.706789
0.708155
0.70835
0.708545
0.70874
0.708935
0.708935
0.708935
0.709325
0.709715
0.710496
0.710496
0.710496
0.710496
0.710496
0.710496
0.710496
0.710496
0.710496
0.710496
0.710691
0.711471
0.711471
0.713812
0.714202
0.714202
0.714787
0.714787
0.715178
0.715178
0.715178
0.715178
0.716348
0.717323
0.717323
0.717323
0.717519
0.718299
0.718299
0.719664
0.72025
0.720445
0.720445
0.720445
0.720835
0.72142
0.722396
0.722396
0.723761
0.723761
0.723761
0.723761
0.723761
0.723761
0.724151
0.724151
0.725127
0.725127
0.725127
0.725517
0.726297
0.726297
0.726492
0.726687
0.727078
0.728443
0.729028
0.729028
0.729419
0.729419
0.729419
0.730199
0.730199
0.730784
0.730784
0.731174
0.73254
0.73254
0.73254
0.73254
0.73293
0.73332
0.73371
0.73371
0.733906
0.733906
0.734296
0.734296
0.734296
0.734296
0.735271
0.736442
0.738393
0.738393
0.739173
0.739173
0.739368
0.739368
0.740538
0.741319
0.742294
0.74405
0.74483
0.745611
0.745611
0.747366
0.747757
0.748537
0.748537
0.750488
0.750488
0.750878
0.751073
0.751073
0.751463
0.751463
0.751463
0.751463
0.751463
0.752048
0.753999
0.754389
0.75517
0.756145
0.756145
0.756145
0.756145
0.756145
0.756145
0.75634
0.75634
0.75634
0.75634
0.756535
0.756535
0.756535
0.756535
0.756535
0.756535
0.757121
0.757901
0.757901
0.758486
0.758876
0.758876
0.758876
0.759266
0.759852
0.759852
0.761412
0.761998
0.761998
0.762778
0.763168
0.763168
0.763558
0.763558
0.763558
0.763558
0.763558
0.763948
0.764924
0.764924
0.764924
0.765704
0.765704
0.765704
0.765899
0.766094
0.766094
0.76629
0.768631
0.768826
0.769021
0.769216
0.769606
0.769801
0.769996
0.770581
0.770581
0.770972
0.770972
0.772142
0.772337
0.772337
0.772337
0.773117
0.773117
0.773117
0.773508
0.773703
0.773703
0.773898
0.773898
0.774483
0.774873
0.774873
0.774873
0.775263
0.775263
0.775263
0.775263
0.775263
0.776044
0.776824
0.777019
0.777019
0.777019
0.777604
0.779555
0.779555
0.77975
0.780531
0.780531
0.780531
0.780531
0.780531
0.780531
0.780921
0.780921
0.781116
0.781116
0.783262
0.783847
0.784822
0.784822
0.785213
0.785993
0.785993
0.786383
0.786578
0.787163
0.787359
0.787359
0.787359
0.788724
0.788724
0.788919
0.7897
0.79126
0.79126
0.79126
0.79126
0.79126
0.79126
0.79126
0.792821
0.793211
0.793211
0.793211
0.793211
0.793796
0.793991
0.794772
0.795162
0.795357
0.796723
0.796723
0.797698
0.797698
0.797698
0.797893
0.798088
0.798283
0.798869
0.799259
0.799259
0.799454
0.799649
0.800624
0.800624
0.801014
0.801405
0.8016
0.802575
0.803746
0.804136
0.804331
0.804526
0.805306
0.805501
0.805501
0.805696
0.806867
0.806867
0.807062
0.807062
0.807062
0.807062
0.807062
0.807062
0.807062
0.807062
0.807452
0.807452
0.808233
0.808428
0.808623
0.808818
0.808818
0.808818
0.809013
0.809013
0.809013
0.809403
0.809403
0.809598
0.809598
0.809793
0.810574
0.810574
0.810574
0.810574
0.810574
0.810574
0.810964
0.811549
0.811549
0.812329
0.812329
0.812329
0.812524
0.812915
0.812915
0.813305
0.813695
0.813695
0.81389
0.81389
0.814085
0.814085
0.81467
0.815841
0.816036
0.816231
0.816231
0.816231
0.816426
0.816426
0.816426
0.816426
0.816426
0.816816
0.818182
0.818182
0.818182
0.818182
0.818182
0.818377
0.818377
0.818767
0.819157
0.819157
0.819547
0.819742
0.819938
0.819938
0.819938
0.819938
0.820133
0.820133
0.820133
0.820718
0.820913
0.820913
0.820913
0.820913
0.820913
0.820913
0.821108
0.821303
0.821888
0.823254
0.824229
0.824229
0.824229
0.824229
0.824229
0.824425
0.824425
0.82462
0.82462
0.82501
0.82501
0.82501
0.825205
0.825595
0.82618
0.82618
0.82618
0.826375
0.82657
0.826766
0.826766
0.826766
0.827351
0.827351
0.827351
0.827546
0.827546
0.828131
0.828131
0.828131
0.828131
0.828131
0.828131
0.828521
0.828716
0.829107
0.829107
0.829107
0.829107
0.829692
0.829692
0.829887
0.829887
0.829887
0.829887
0.830277
0.830277
0.830667
0.830862
0.831252
0.831448
0.832423
0.832423
0.832423
0.832618
0.832618
0.832813
0.833398
0.833593
0.834569
0.834764
0.835349
0.835349
0.837105
0.837105
0.837105
0.8373
0.8373
0.8373
0.8373
0.8373
0.837885
0.837885
0.837885
0.838275
0.838275
0.838471
0.838861
0.839251
0.839251
0.839251
0.839641
0.840421
0.840812
0.841397
0.841982
0.842177
0.842177
0.842372
0.842372
0.842372
0.843153
0.843543
0.843738
0.843933
0.843933
0.843933
0.844323
0.844518
0.844908
0.844908
0.845494
0.845494
0.845494
0.845494
0.845494
0.845494
0.845494
0.845689
0.845884
0.845884
0.846664
0.846664
0.847054
0.847054
0.847054
0.847249
0.847444
0.847444
0.847835
0.848225
0.84881
0.849005
0.849005
0.849005
0.84959
0.84959
0.84959
0.84959
0.84959
0.84959
0.84959
0.84959
0.849785
0.849785
0.84998
0.84998
0.84998
0.84998
0.850371
0.850371
0.850566
0.850566
0.850761
0.850761
0.850956
0.850956
0.851346
0.851346
0.851346
0.851346
0.851346
0.851346
0.851346
0.851346
0.851346
0.851541
0.852126
0.852126
0.852126
0.852126
0.852126
0.852126
0.852126
0.852126
0.852321
0.852321
0.852321
0.852321
0.852321
0.852321
0.852321
0.852321
0.852321
0.852321
0.852321
0.852321
0.852321
0.852321
0.852907
0.853297
0.853297
0.853492
0.853492
0.853492
0.853492
0.853687
0.853687
0.853687
0.853687
0.853687
0.853687
0.854077
0.854272
0.854272
0.854467
0.855248
0.855248
0.855248
0.856223
0.856223
0.856613
0.856613
0.856613
0.856613
0.857199
0.857199
0.857199
0.857199
0.857394
0.857589
0.858174
0.858174
0.858369
0.858369
0.858369
0.858564
0.858564
0.858564
0.858564
0.858564
0.858759
0.858759
0.85954
0.85954
0.859735
0.859735
0.859735
0.860125
0.860125
0.860125
0.860515
0.8611
0.8611
0.8611
0.8611
0.8611
0.8611
0.8611
0.862466
0.862466
0.862466
0.862466
0.862466
0.862466
0.862466
0.862466
0.862466
0.862466
0.862466
0.862466
0.862466
0.862466
0.862856
0.862856
0.862856
0.863441
0.863636
0.864027
0.864417
0.864417
0.864417
0.864417
0.864612
0.864612
0.865002
0.865587
0.865587
0.865587
0.865587
0.865587
0.865587
0.865587
0.865587
0.865782
0.866563
0.866953
0.866953
0.867538
0.867538
0.867733
0.867733
0.867733
0.867733
0.867733
0.867733
0.867928
0.867928
0.867928
0.867928
0.868123
0.868123
0.868318
0.868318
0.868318
0.868318
0.868904
0.868904
0.869099
0.869099
0.869294
0.869684
0.869879
0.869879
0.869879
0.870074
0.870464
0.87144
0.87144
0.87183
0.87183
0.87183
0.87183
0.87183
0.872025
0.872025
0.872025
0.873391
0.873391
0.873391
0.873391
0.873391
0.873586
0.873586
0.873586
0.873586
0.873781
0.873781
0.873781
0.873781
0.873781
0.874171
0.874171
0.874366
0.874366
0.874366
0.874561
0.874561
0.874561
0.874561
0.874561
0.874561
0.874561
0.874561
0.874561
0.874561
0.874561
0.874756
0.874756
0.874756
0.874756
0.874756
0.874951
0.874951
0.874951
0.875341
0.875341
0.875341
0.875536
0.875732
0.875927
0.876122
0.876122
0.876122
0.876122
0.876122
0.876122
0.876122
0.876122
0.876317
0.876317
0.876707
0.877097
0.877487
0.877487
0.877487
0.877487
0.877487
0.877487
0.878463
0.878463
0.878463
0.878463
0.878463
0.878463
0.878463
0.878463
0.878463
0.878463
0.878463
0.878463
0.878463
0.878463
0.878463
0.878658
0.878658
0.878658
0.878658
0.878853
0.878853
0.878853
0.878853
0.878853
0.879048
0.879048
0.879048
0.879048
0.879048
0.879048
0.879048
0.879048
0.879048
0.879048
0.879048
0.879048
0.879048
0.879243
0.879243
0.879243
0.879243
0.879243
0.879243
0.879243
0.879243
0.879438
0.879438
0.879438
0.879438
0.879828
0.879828
0.879828
0.879828
0.879828
0.879828
0.879828
0.879828
0.879828
0.880414
0.880414
0.880414
0.880414
0.880414
0.880414
0.880609
0.880609
0.880609
0.880999
0.880999
0.880999
0.880999
0.880999
0.880999
0.880999
0.880999
0.881194
0.881389
0.881779
0.881779
0.881779
0.882169
0.88256
0.883145
0.883535
0.88373
0.88451
0.88451
0.88451
0.88451
0.88451
0.88451
0.884705
0.884705
0.884705
0.884705
0.884705
0.884705
0.884705
0.884705
0.884705
0.884705
0.884705
0.884705
0.884705
0.884901
0.884901
0.885096
0.885096
0.885486
0.885876
0.886266
0.886461
0.886656
0.886656
0.886656
0.886656
0.886656
0.886656
0.886656
0.886656
0.886656
0.886656
0.886656
0.886656
0.886851
0.887437
0.887437
0.887827
0.887827
0.887827
0.887827
0.887827
0.887827
0.887827
0.887827
0.887827
0.887827
0.888412
0.888412
0.888802
0.888802
0.888802
0.888802
0.888802
0.888802
0.888802
0.888997
0.888997
0.888997
0.888997
0.888997
0.888997
0.888997
0.889192
0.889192
0.889387
0.889387
0.889387
0.889387
0.889583
0.889583
0.890948
0.890948
0.890948
0.891143
0.891338
0.891728
0.891924
0.891924
0.892704
0.892704
0.892899
0.892899
0.892899
0.892899
0.892899
0.892899
0.892899
0.892899
0.892899
0.892899
0.892899
0.892899
0.892899
0.892899
0.892899
0.893094
0.893094
0.893289
0.893679
0.894069
0.894069
0.894265
0.894265
0.89446
0.89446
0.89485
0.89485
0.89485
0.89485
0.89485
0.89485
0.89485
0.89485
0.89485
0.89485
0.89485
0.89485
0.89524
0.89524
0.89524
0.89524
0.895435
0.895435
0.895435
0.895435
0.895435
0.895435
0.895435
0.895435
0.895825
0.896801
0.896801
0.896801
0.896801
0.896801
0.896996
0.896996
0.896996
0.896996
0.896996
0.897386
0.897386
0.897581
0.897581
0.897971
0.897971
0.897971
0.897971
0.897971
0.898166
0.898166
0.898556
0.898556
0.898556
0.898751
0.898751
0.898751
0.898751
0.898947
0.899532
0.899727
0.900312
0.900312
0.900312
0.900507
0.901092
0.901288
0.901288
0.901288
0.901288
0.901288
0.901288
0.901288
0.901483
0.901678
0.901873
0.901873
0.901873
0.901873
0.901873
0.901873
0.902068
0.902068
0.902263
0.902263
0.902263
0.902848
0.903238
0.903238
0.903238
0.903433
0.903629
0.903629
0.903629
0.903824
0.904604
0.904604
0.904604
0.904604
0.905189
0.905189
0.905189
0.905774
0.905774
0.905774
0.905774
0.905774
0.90597
0.90675
0.90675
0.90714
0.907335
0.907335
0.90753
0.908115
0.908506
0.908506
0.908506
0.908506
0.908506
0.908506
0.908506
0.908896
0.908896
0.908896
0.908896
0.908896
0.908896
0.909091
0.909091
0.909091
0.909091
0.909091
0.909091
0.909091
0.909286
0.909286
0.909286
0.909286
0.909481
0.909481
0.909481
0.909481
0.909481
0.909871
0.910066
0.910066
0.910066
0.910066
0.910456
0.910456
0.910456
0.910652
0.910652
0.910652
0.910652
0.910652
0.910652
0.910652
0.910652
0.910652
0.910652
0.910652
0.910652
0.910652
0.910847
0.910847
0.910847
0.910847
0.910847
0.910847
0.911042
0.911042
0.911432
0.911432
0.911432
0.911432
0.911432
0.911627
0.911822
0.912017
0.912017
0.912212
0.912407
0.912407
0.912602
0.912602
0.912798
0.912798
0.912798
0.912798
0.912798
0.912798
0.912798
0.912798
0.912798
0.912798
0.912798
0.912993
0.913383
0.913383
0.913383
0.913383
0.913383
0.913383
0.913383
0.913383
0.913383
0.913383
0.913383
0.913578
0.913968
0.913968
0.913968
0.913968
0.913968
0.913968
0.913968
0.913968
0.913968
0.914163
0.914163
0.914163
0.914358
0.914358
0.914358
0.914358
0.914358
0.914358
0.914553
0.914553
0.914553
0.914943
0.915334
0.915334
0.915334
0.915334
0.915529
0.915529
0.915529
0.915529
0.915529
0.915919
0.915919
0.915919
0.915919
0.915919
0.915919
0.916114
0.916114
0.916114
0.916114
0.916894
0.916894
0.917089
0.917089
0.917089
0.917089
0.917089
0.917089
0.917089
0.917089
0.917284
0.917284
0.917284
0.917284
0.91748
0.917675
0.917675
0.917675
0.917675
0.917675
0.917675
0.917675
0.917675
0.917675
0.917675
0.917675
0.917675
0.917675
0.91787
0.91787
0.91787
0.91787
0.91787
0.91787
0.91787
0.91787
0.91787
0.91787
0.91787
0.91865
0.91865
0.91865
0.91865
0.91865
0.918845
0.91904
0.91904
0.91904
0.91904
0.91904
0.91904
0.91904
0.919235
0.919625
0.919625
0.919821
0.919821
0.919821
0.919821
0.919821
0.919821
0.920016
0.920016
0.920016
0.920016
0.920211
0.920211
0.920796
0.920796
0.920796
0.920796
0.920796
0.920796
0.920796
0.920796
0.920796
0.920796
0.920796
0.920991
0.921186
0.921966
0.921966
0.921966
0.921966
0.921966
0.922162
0.922552
0.922747
0.922747
0.922747
0.922747
0.922747
0.922747
0.922747
0.922747
0.922942
0.922942
0.922942
0.923137
0.923137
0.923332
0.923332
0.923722
0.923722
0.923722
0.923917
0.923917
0.923917
0.924112
0.924112
0.924112
0.924307
0.924503
0.924503
0.924503
0.924893
0.924893
0.924893
0.925088
0.925088
0.925088
0.925088
0.925283
0.925283
0.925283
0.925478
0.925478
0.925478
0.925673
0.925673
0.925673
0.925868
0.925868
0.925868
0.926258
0.926844
0.926844
0.926844
0.926844
0.926844
0.926844
0.927039
0.927234
0.927234
0.927234
0.928209
0.928209
0.928209
0.928209
0.928209
0.928209
0.928209
0.928209
0.928209
0.928209
0.928209
0.928989
0.928989
0.928989
0.928989
0.928989
0.928989
0.928989
0.928989
0.92938
0.92938
0.92938
0.92938
0.92938
0.92938
0.92938
0.92938
0.929575
0.929575
0.929575
0.929575
0.929575
0.92977
0.92977
0.92977
0.92977
0.92977
0.92977
0.92977
0.92977
0.92977
0.92977
0.92977
0.92977
0.92977
0.929965
0.929965
0.929965
0.929965
0.929965
0.929965
0.929965
0.93016
0.93016
0.93055
0.93055
0.930745
0.930745
0.930745
0.930745
0.930745
0.930745
0.930745
0.930745
0.930745
0.930745
0.930745
0.930745
0.930745
0.930745
0.930745
0.930745
0.930745
0.930745
0.930745
0.930745
0.930745
0.930745
0.930745
0.930745
0.930745
0.930745
0.93094
0.93094
0.93094
0.93094
0.93094
0.93094
0.93094
0.93094
0.93094
0.93094
0.93094
0.93094
0.93094
0.93094
0.93094
0.93094
0.93094
0.93094
0.93094
0.931135
0.93133
0.93133
0.931526
0.931721
0.931721
0.932306
0.932306
0.932306
0.932306
0.932306
0.932306
0.932306
0.932306
0.932306
0.932306
0.932501
0.932501
0.932696
0.932696
0.932696
0.932696
0.932696
0.932696
0.932696
0.932696
0.932891
0.932891
0.932891
0.932891
0.932891
0.933086
0.933086
0.933086
0.933476
0.933867
0.933867
0.933867
0.933867
0.933867
0.933867
0.933867
0.933867
0.933867
0.933867
0.933867
0.933867
0.933867
0.933867
0.933867
0.933867
0.933867
0.933867
0.933867
0.934257
0.934257
0.934257
0.934257
0.934257
0.934257
0.934257
0.934257
0.934257
0.934257
0.934257
0.934257
0.934257
0.934257
0.934257
0.934257
0.934452
0.935037
0.935232
0.935232
0.935232
0.935232
0.935232
0.935232
0.935232
0.935232
0.935232
0.935232
0.935622
0.935622
0.935817
0.935817
0.936208
0.936403
0.936403
0.936403
0.936793
0.936793
0.936793
0.936793
0.936793
0.936793
0.936793
0.936793
0.936793
0.936793
0.936793
0.936793
0.936793
0.936793
0.936793
0.936793
0.936793
0.936793
0.936793
0.936793
0.936793
0.936793
0.936793
0.936988
0.936988
0.936988
0.936988
0.937183
0.937183
0.937183
0.937378
0.937378
0.938158
0.938353
0.938353
0.938353
0.938353
0.938353
0.938353
0.938939
0.938939
0.938939
0.938939
0.938939
0.938939
0.938939
0.939134
0.939329
0.939329
0.939329
0.939329
0.939329
0.939329
0.939329
0.939329
0.939329
0.939329
0.939329
0.939524
0.939914
0.939914
0.940304
0.940499
0.940499
0.940499
0.940499
0.940694
0.940694
0.940694
0.940694
0.940694
0.940694
0.940694
0.940694
0.940694
0.94089
0.94089
0.94089
0.94089
0.94089
0.94089
0.94089
0.94089
0.94089
0.94089
0.941085
0.941085
0.941085
0.941085
0.941085
0.941085
0.941085
0.941085
0.941085
0.941085
0.941085
0.941085
0.941085
0.941085
0.941085
0.941085
0.941085
0.941085
0.941085
0.941085
0.941085
0.94128
0.941475
0.941865
0.941865
0.941865
0.941865
0.941865
0.941865
0.941865
0.941865
0.941865
0.94206
0.94206
0.94206
0.94206
0.94206
0.942645
0.943036
0.943036
0.943036
0.943036
0.943036
0.943231
0.943231
0.943231
0.943231
0.943231
0.943231
0.943231
0.943231
0.943231
0.943231
0.943231
0.943231
0.943231
0.943231
0.943621
0.943621
0.944011
0.944011
0.944011
0.944011
0.944011
0.944011
0.944011
0.944011
0.944011
0.944011
0.944011
0.944011
0.944011
0.944011
0.944011
0.944011
0.944011
0.944011
0.944011
0.944011
0.944011
0.944011
0.944011
0.944206
0.944206
0.944206
0.944206
0.944206
0.944206
0.944206
0.944206
0.944206
0.944401
0.944401
0.944401
0.944596
0.944596
0.944596
0.944596
0.944596
0.944791
0.944791
0.944791
0.944791
0.944791
0.944791
0.944791
0.944791
0.944986
0.944986
0.945181
0.945181
0.945181
0.945181
0.945181
0.945181
0.945181
0.945181
0.945181
0.945181
0.945181
0.945181
0.945181
0.945181
0.945181
0.945181
0.945181
0.945767
0.945767
0.945767
0.945767
0.945767
0.945767
0.945767
0.946157
0.946157
0.946157
0.946157
0.946352
0.946547
0.946547
0.946547
0.946547
0.946742
0.946742
0.946742
0.946742
0.946742
0.946742
0.946742
0.946742
0.946742
0.946742
0.946742
0.946742
0.946742
0.946742
0.947132
0.947132
0.947522
0.947522
0.947522
0.947718
0.947718
0.947718
0.947913
0.947913
0.947913
0.947913
0.947913
0.947913
0.947913
0.947913
0.947913
0.947913
0.947913
0.947913
0.948108
0.948108
0.948108
0.948108
0.948498
0.948498
0.948693
0.948693
0.948888
0.948888
0.948888
0.949278
0.949473
0.949473
0.949668
0.949668
0.949668
0.949668
0.949668
0.949863
0.949863
0.949863
0.949863
0.949863
0.949863
0.949863
0.949863
0.949863
0.949863
0.949863
0.950059
0.950059
0.950059
0.950059
0.950059
0.950059
0.950059
0.950059
0.950059
0.950254
0.950254
0.950254
0.950254
0.950254
0.950254
0.950254
0.950449
0.950449
0.950839
0.950839
0.950839
0.950839
0.951034
0.951034
0.951034
0.951034
0.951034
0.951034
0.951034
0.951034
0.951034
0.951424
0.951814
0.951814
0.951814
0.951814
0.951814
0.951814
0.951814
0.951814
0.951814
0.952009
0.952009
0.952009
0.952009
0.952009
0.952009
0.952009
0.952009
0.952009
0.952009
0.952009
0.952009
0.952009
0.952009
0.952009
0.952009
0.952009
0.952009
0.952009
0.952204
0.952204
0.952204
0.952204
0.9524
0.9524
0.9524
0.9524
0.9524
0.9524
0.9524
0.9524
0.9524
0.9524
0.9524
0.9524
0.9524
0.9524
0.9524
0.9524
0.9524
0.9524
0.9524
0.9524
0.9524
0.9524
0.9524
0.952595
0.952595
0.952595
0.952595
0.952595
0.952595
0.952595
0.952595
0.952595
0.952595
0.952595
0.952595
0.952595
0.952595
0.952595
0.952595
0.952595
0.952595
0.952595
0.952595
0.952595
0.95279
0.95279
0.95279
0.95279
0.952985
0.95318
0.95318
0.95318
0.953375
0.953375
0.953375
0.953375
0.953375
0.95357
0.95357
0.95357
0.953765
0.953765
0.953765
0.953765
0.95396
0.95396
0.95396
0.95396
0.95396
0.954155
0.954155
0.954155
0.95435
0.954545
0.954545
0.954545
0.954545
0.954545
0.954741
0.954741
0.954741
0.954741
0.954741
0.954741
0.954741
0.955131
0.955131
0.955131
0.955131
0.955131
0.955131
0.955131
0.955131
0.955131
0.955131
0.955131
0.955131
0.955131
0.955131
0.955131
0.955521
0.955716
0.955716
0.955716
0.955716
0.955716
0.955716
0.955716
0.955911
0.956106
0.956106
0.956106
0.956106
0.956106
0.956106
0.956106
0.956106
0.956106
0.956106
0.956496
0.956496
0.956496
0.956496
0.956496
0.956496
0.956496
0.956496
0.956496
0.956496
0.956496
0.956496
0.956496
0.956496
0.956496
0.956496
0.956496
0.956496
0.956496
0.956496
0.956496
0.956496
0.956691
0.956886
0.957082
0.957082
0.957082
0.957082
0.957082
0.957082
0.957082
0.957082
0.957082
0.957082
0.957082
0.957082
0.957082
0.957277
0.957277
0.957277
0.957277
0.957277
0.957472
0.957667
0.957667
0.957667
0.957667
0.957667
0.957667
0.957667
0.957667
0.957667
0.957667
0.957667
0.957667
0.957667
0.957667
0.957667
0.957667
0.957667
0.957667
0.957667
0.957667
0.957667
0.957667
0.958252
0.958252
0.958252
0.958252
0.958252
0.958252
0.958252
0.958252
0.958252
0.958252
0.958252
0.958642
0.959227
0.959227
0.959227
0.959227
0.959227
0.959227
0.959227
0.959227
0.959227
0.959227
0.959227
0.959227
0.959227
0.959227
0.959227
0.959227
0.959227
0.959227
0.959227
0.959227
0.959227
0.959227
0.959227
0.959423
0.959423
0.959423
0.959423
0.959618
0.959618
0.959618
0.959618
0.959813
0.959813
0.959813
0.959813
0.959813
0.959813
0.959813
0.959813
0.959813
0.959813
0.959813
0.959813
0.959813
0.960008
0.960008
0.960008
0.960008
0.960203
0.960203
0.960203
0.960203
0.960203
0.960203
0.960203
0.960203
0.960203
0.960203
0.960203
0.960398
0.960398
0.960398
0.960398
0.960398
0.960398
0.960398
0.960398
0.960398
0.960398
0.960398
0.960398
0.960398
0.960398
0.960593
0.960593
0.960593
0.960593
0.960593
0.960593
0.960593
0.960593
0.960593
0.960593
0.960593
0.960593
0.960593
0.960593
0.960593
0.960593
0.960593
0.960593
0.960593
0.960593
0.960593
0.960593
0.960593
0.960788
0.960788
0.960788
0.960788
0.960788
0.960788
0.960788
0.960788
0.960788
0.960788
0.960788
0.960788
0.960788
0.960788
0.960788
0.960983
0.960983
0.960983
0.960983
0.960983
0.960983
0.960983
0.960983
0.960983
0.960983
0.960983
0.960983
0.961178
0.961373
0.961373
0.961373
0.961373
0.961568
0.961764
0.961959
0.961959
0.961959
0.961959
0.961959
0.961959
0.961959
0.962154
0.962154
0.962154
0.962154
0.962154
0.962154
0.962154
0.962154
0.962154
0.962154
0.962154
0.962154
0.962154
0.962154
0.962154
0.962154
0.962154
0.962154
0.962154
0.962154
0.962154
0.962154
0.962154
0.962154
0.962154
0.962154
0.962154
0.962154
0.962739
0.962739
0.962739
0.962739
0.963129
0.963129
0.963129
0.963129
0.963129
0.963129
0.963129
0.963324
0.963324
0.963324
0.963324
0.963324
0.963324
0.963324
0.963324
0.963324
0.963324
0.963324
0.963324
0.963324
0.963324
0.963324
0.963324
0.963324
0.963324
0.963324
0.963324
0.963324
0.963324
0.963324
0.963324
0.963324
0.963324
0.963324
0.963324
0.963324
0.963324
0.963324
0.963519
0.963519
0.963519
0.963519
0.963519
0.963519
0.963519
0.963519
0.963519
0.963519
0.963519
0.963519
0.963519
0.963519
0.963519
0.963519
0.963519
0.963519
0.963519
0.963519
0.963519
0.963519
0.963519
0.963519
0.963519
0.963519
0.963519
0.963519
0.963519
0.963519
0.963519
0.963519
0.963519
0.963519
0.963519
0.963519
0.963519
0.963519
0.963519
0.963519
0.963519
0.963519
0.963519
0.963519
0.963519
0.963519
0.963519
0.963519
0.963519
0.963714
0.963909
0.963909
0.963909
0.963909
0.963909
0.964105
0.964105
0.964105
0.964105
0.9643
0.9643
0.9643
0.9643
0.9643
0.9643
0.9643
0.9643
0.9643
0.9643
0.9643
0.9643
0.964495
0.964495
0.96469
0.96469
0.96469
0.96469
0.96469
0.96469
0.96469
0.96508
0.96508
0.96508
0.96508
0.96508
0.96508
0.96508
0.96508
0.965275
0.965275
0.965275
0.965275
0.965275
0.965275
0.965275
0.965275
0.965275
0.965275
0.965275
0.965275
0.965275
0.965275
0.965665
0.965665
0.965665
0.965665
0.965665
0.965665
0.965665
0.965665
0.965665
0.965665
0.965665
0.965665
0.966055
0.966055
0.966055
0.966055
0.966055
0.966055
0.966055
0.966641
0.966641
0.966641
0.966641
0.966641
0.966641
0.966641
0.966641
0.966641
0.966641
0.966641
0.966641
0.966641
0.966836
0.966836
0.966836
0.966836
0.966836
0.966836
0.966836
0.966836
0.966836
0.966836
0.966836
0.966836
0.967031
0.967031
0.967031
0.967031
0.967031
0.967031
0.967031
0.967031
0.967031
0.967031
0.967031
0.967031
0.967031
0.967031
0.967031
0.967031
0.967031
0.967031
0.967031
0.967031
0.967031
0.967226
0.967226
0.967226
0.967226
0.967226
0.967226
0.967226
0.967226
0.967226
0.967226
0.967226
0.967226
0.967226
0.967226
0.967226
0.967226
0.967226
0.967226
0.967226
0.967226
0.967226
0.967226
0.967226
0.967226
0.967226
0.967226
0.967226
0.967226
0.967226
0.967226
0.967226
0.967226
0.967226
0.967226
0.967421
0.967421
0.967421
0.967616
0.967616
0.967616
0.967616
0.967616
0.967616
0.967616
0.967616
0.967616
0.967616
0.967616
0.967616
0.968006
0.968006
0.968006
0.968006
0.968006
0.968006
0.968201
0.968201
0.968201
0.968201
0.968201
0.968201
0.968201
0.968201
0.968201
0.968201
0.968201
0.968201
0.968201
0.968201
0.968201
0.968201
0.968201
0.968201
0.968201
0.968201
0.968591
0.968591
0.968591
0.968591
0.968591
0.968591
0.968591
0.968591
0.968591
0.968591
0.968591
0.968591
0.968591
0.968591
0.968591
0.968591
0.968591
0.968591
0.968591
0.968591
0.968591
0.968591
0.968787
0.968787
0.968787
0.968787
0.968787
0.968787
0.968787
0.968787
0.968787
0.968787
0.968787
0.968787
0.968787
0.968787
0.968787
0.968787
0.968787
0.968787
0.968787
0.968787
0.968787
0.968787
0.968787
0.968787
0.968787
0.968787
0.968982
0.968982
0.968982
0.968982
0.968982
0.968982
0.968982
0.968982
0.968982
0.969372
0.969372
0.969372
0.969372
0.969372
0.969372
0.969372
0.969372
0.969372
0.969372
0.969372
0.969372
0.969372
0.969372
0.969372
0.969372
0.969567
0.969567
0.969567
0.969567
0.969567
0.969567
0.969567
0.969567
0.969567
0.969567
0.969762
0.969762
0.969762
0.969762
0.969762
0.969762
0.969762
0.969762
0.969762
0.969762
0.969762
0.970152
0.970347
0.970347
0.970347
0.970542
0.970542
0.970542
0.970542
0.970542
0.970542
0.970542
0.970737
0.970737
0.970737
0.970737
0.970737
0.970737
0.970933
0.970933
0.970933
0.970933
0.970933
0.970933
0.970933
0.970933
0.970933
0.970933
0.970933
0.970933
0.970933
0.970933
0.970933
0.970933
0.971128
0.971128
0.971128
0.971128
0.971128
0.971128
0.971128
0.971128
0.971128
0.971128
0.971128
0.971128
0.971128
0.971128
0.971128
0.971128
0.971128
0.971128
0.971128
0.971128
0.971323
0.971323
0.971323
0.971323
0.971323
0.971518
0.971518
0.971518
0.971518
0.971518
0.971518
0.971518
0.971518
0.971518
0.971518
0.971518
0.971518
0.971518
0.971518
0.971518
0.971518
0.971713
0.971713
0.971713
0.971713
0.971713
0.971713
0.971908
0.971908
0.971908
0.971908
0.971908
0.971908
0.971908
0.971908
0.971908
0.971908
0.971908
0.971908
0.971908
0.971908
0.971908
0.971908
0.971908
0.971908
0.971908
0.971908
0.971908
0.971908
0.971908
0.971908
0.971908
0.971908
0.971908
0.971908
0.971908
0.971908
0.971908
0.971908
0.971908
0.972103
0.972493
0.972493
0.972493
0.972493
0.972493
0.972493
0.972493
0.972493
0.972493
0.972493
0.972493
0.972493
0.972493
0.972493
0.972493
0.972493
0.972493
0.972493
0.972493
0.972493
0.972493
0.972493
0.972493
0.972688
0.972688
0.972688
0.972688
0.972883
0.972883
0.972883
0.972883
0.973078
0.973078
0.973078
0.973078
0.973078
0.973078
0.973274
0.973274
0.973664
0.973664
0.973664
0.973664
0.973664
0.973664
0.973664
0.973664
0.973664
0.973664
0.973664
0.973664
0.973664
0.973664
0.973859
0.974054
0.974054
0.974054
0.974054
0.974054
0.974054
0.974054
0.974054
0.974054
0.974054
0.974054
0.974054
0.974054
0.974054
0.974249
0.974249
0.974249
0.974249
0.974249
0.974249
0.974249
0.974444
0.974444
0.974444
0.974444
0.974444
0.974444
0.974444
0.974444
0.974444
0.974444
0.974444
0.974444
0.974444
0.974444
0.974444
0.974444
0.974444
0.974444
0.974444
0.974639
0.974639
0.974639
0.974639
0.974639
0.974639
0.974639
0.974639
0.974639
0.974639
0.974639
0.974639
0.974639
0.974639
0.974639
0.974639
0.974639
0.974639
0.974639
0.974639
0.974639
0.974639
0.974639
0.974639
0.974639
0.974639
0.974639
0.974639
0.974639
0.974639
0.974639
0.974639
0.974639
0.974639
0.974639
0.974639
0.974639
0.974639
0.974639
0.974639
0.974639
0.974639
0.974834
0.974834
0.974834
0.974834
0.974834
0.974834
0.975029
0.975029
0.975029
0.975029
0.975029
0.975029
0.975029
0.975029
0.975029
0.975029
0.975029
0.975029
0.975029
0.975029
0.975029
0.975029
0.975029
0.975224
0.975224
0.975224
0.975224
0.975224
0.975224
0.975224
0.975224
0.975224
0.975224
0.975224
0.975224
0.975419
0.975419
0.975419
0.975419
0.975419
0.975419
0.975419
0.975419
0.975419
0.975419
0.975419
0.975419
0.975419
0.975419
0.975419
0.975419
0.975419
0.975615
0.975615
0.975615
0.975615
0.97581
0.97581
0.97581
0.97581
0.97581
0.97581
0.976395
0.976395
0.976395
0.976395
0.976395
0.97659
0.97659
0.97659
0.97659
0.97659
0.97659
0.97659
0.97659
0.97659
0.97659
0.97659
0.97659
0.97659
0.97659
0.97659
0.97659
0.97659
0.97659
0.97659
0.97659
0.97659
0.97659
0.97659
0.97698
0.97698
0.97698
0.97698
0.97698
0.97698
0.97698
0.97698
0.97698
0.97698
0.97698
0.97698
0.97698
0.97698
0.97698
0.97698
0.97698
0.97698
0.97698
0.97698
0.97698
0.97698
0.97698
0.97698
0.97698
0.97698
0.97698
0.97698
0.97698
0.97698
0.97698
0.97698
0.97698
0.97698
0.977175
0.977175
0.977175
0.977175
0.977175
0.977175
0.977175
0.977175
0.977175
0.977175
0.977175
0.977175
0.977175
0.977175
0.977175
0.977175
0.977175
0.977175
0.977175
0.977175
0.977175
0.977175
0.977175
0.977175
0.977175
0.977175
0.977175
0.977175
0.977175
0.977175
0.977175
0.977175
0.977175
0.977175
0.977175
0.977175
0.977175
0.977175
0.977175
0.977175
0.977175
0.977175
0.977175
0.977175
0.977175
0.977175
0.977175
0.977175
0.977175
0.977175
0.977175
0.977175
0.977175
0.977175
0.977175
0.977175
0.977175
0.977175
0.977175
0.977175
0.977175
0.977175
0.977175
0.977175
0.97737
0.97737
0.97737
0.97737
0.97737
0.97737
0.97737
0.97737
0.97776
0.97776
0.97776
0.97776
0.977956
0.977956
0.977956
0.977956
0.977956
0.977956
0.977956
0.977956
0.977956
0.977956
0.977956
0.977956
0.977956
0.977956
0.977956
0.977956
0.977956
0.977956
0.977956
0.977956
0.977956
0.977956
0.977956
0.977956
0.977956
0.977956
0.977956
0.977956
0.977956
0.977956
0.977956
0.977956
0.977956
0.977956
0.977956
0.977956
0.977956
0.977956
0.977956
0.977956
0.977956
0.977956
0.977956
0.977956
0.978151
0.978151
0.978151
0.978151
0.978151
0.978151
0.978151
0.978151
0.978151
0.978151
0.978151
0.978151
0.978151
0.978151
0.978151
0.978151
0.978151
0.978151
0.978151
0.978151
0.978151
0.978151
0.978151
0.978346
0.978346
0.978346
0.978346
0.978541
0.978541
0.978541
0.978541
0.978541
0.978541
0.978541
0.978541
0.978541
0.978541
0.978541
0.978541
0.978541
0.978541
0.978541
0.978541
0.978736
0.978736
0.978736
0.978736
0.978736
0.978736
0.978736
0.978736
0.978736
0.978736
0.978736
0.978736
2663.56
5126, 5017
discovery rate:0.978736
average latency:635
